1496,0.0
1495,0.2
1494,0.3
1493,0.5
1492,0.6
1491,0.8
1490,0.9
1489,1.1
1488,1.2
1487,1.3
1486,1.5
1485,1.6
1484,1.8
1483,1.9
1482,2.0
1481,2.2
1480,2.3
1479,2.4
1478,2.6
1477,2.7
1476,2.8
1475,2.9
1474,3.1
1473,3.2
1472,3.3
1471,3.4
1470,3.5
1469,3.6
1468,3.8
1467,3.9
1466,4.0
1465,4.1
1464,4.2
1463,4.3
1462,4.4
1461,4.5
1460,4.6
1459,4.7
1458,4.8
1457,4.9
1456,5.0
1455,5.1
1454,5.2
1453,5.3
1452,5.4
1451,5.4
1450,5.5
1449,5.6
1448,5.7
1447,5.8
1446,5.9
1445,5.9
1444,6.0
1443,6.1
1442,6.2
1441,6.2
1440,6.3
1439,6.4
1438,6.4
1437,6.5
1436,6.6
1435,6.6
1434,6.7
1433,6.7
1432,6.8
1431,6.9
1430,6.9
1429,7.0
1428,7.0
1427,7.1
1426,7.1
1425,7.2
1424,7.2
1423,7.2
1422,7.3
1421,7.3
1420,7.4
1419,7.4
1418,7.4
1417,7.5
1416,7.5
1415,7.5
1414,7.6
1413,7.6
1412,7.6
1411,7.6
1410,7.7
1409,7.7
1408,7.7
1407,7.7
1406,7.7
1405,7.7
1404,7.8
1403,7.8
1402,7.8
1401,7.8
1400,7.8
1399,7.8
1398,7.8
1397,7.8

